{
 "cells": [
  {
   "cell_type": "code",
   "execution_count": 33,
   "id": "6f92df49-32e3-45ed-9e54-d2ae3fabda44",
   "metadata": {},
   "outputs": [],
   "source": [
    "import numpy as np\n",
    "import pandas as pd\n",
    "import yfinance as yf\n",
    "from pandas_datareader import data\n",
    "import matplotlib.pyplot as plt\n",
    "%matplotlib inline"
   ]
  },
  {
   "cell_type": "code",
   "execution_count": 129,
   "id": "cc3fa31e-7aa4-4986-af14-6a0047cdbc5f",
   "metadata": {},
   "outputs": [
    {
     "name": "stdout",
     "output_type": "stream",
     "text": [
      "[*********************100%***********************]  7 of 7 completed\n"
     ]
    }
   ],
   "source": [
    "adjclose = yf.download(['AAPL','AMZN','JPM','MS','MSFT','TSLA','TSTRX'], period = '1y')['Adj Close']"
   ]
  },
  {
   "cell_type": "code",
   "execution_count": 130,
   "id": "ef4fb15b-0adf-460f-83e5-84cae0af306a",
   "metadata": {},
   "outputs": [],
   "source": [
    "returns = adjclose.pct_change()*100"
   ]
  },
  {
   "cell_type": "code",
   "execution_count": 131,
   "id": "6131a8d9-91b1-4adf-abcb-9fccb8a6a166",
   "metadata": {},
   "outputs": [
    {
     "data": {
      "text/plain": [
       "AAPL      4.812273\n",
       "AMZN      9.201109\n",
       "JPM       3.198321\n",
       "MS        3.608835\n",
       "MSFT      4.844350\n",
       "TSLA     17.829892\n",
       "TSTRX     2.160615\n",
       "dtype: float64"
      ]
     },
     "execution_count": 131,
     "metadata": {},
     "output_type": "execute_result"
    }
   ],
   "source": [
    "(adjclose.pct_change()*100).var()"
   ]
  },
  {
   "cell_type": "code",
   "execution_count": 132,
   "id": "8cc60098-a3fd-4b98-974e-f4867513d3eb",
   "metadata": {},
   "outputs": [
    {
     "data": {
      "text/plain": [
       "AAPL    -0.003844\n",
       "AMZN    -0.155409\n",
       "JPM     -0.008908\n",
       "MS       0.010735\n",
       "MSFT    -0.010066\n",
       "TSLA    -0.132362\n",
       "TSTRX   -0.027633\n",
       "dtype: float64"
      ]
     },
     "execution_count": 132,
     "metadata": {},
     "output_type": "execute_result"
    }
   ],
   "source": [
    "returns.mean()"
   ]
  },
  {
   "cell_type": "code",
   "execution_count": 133,
   "id": "f55ee5ad-d630-4d30-a9a3-3d9ac9645cab",
   "metadata": {},
   "outputs": [
    {
     "data": {
      "text/html": [
       "<div>\n",
       "<style scoped>\n",
       "    .dataframe tbody tr th:only-of-type {\n",
       "        vertical-align: middle;\n",
       "    }\n",
       "\n",
       "    .dataframe tbody tr th {\n",
       "        vertical-align: top;\n",
       "    }\n",
       "\n",
       "    .dataframe thead th {\n",
       "        text-align: right;\n",
       "    }\n",
       "</style>\n",
       "<table border=\"1\" class=\"dataframe\">\n",
       "  <thead>\n",
       "    <tr style=\"text-align: right;\">\n",
       "      <th></th>\n",
       "      <th>AAPL</th>\n",
       "      <th>AMZN</th>\n",
       "      <th>JPM</th>\n",
       "      <th>MS</th>\n",
       "      <th>MSFT</th>\n",
       "      <th>TSLA</th>\n",
       "      <th>TSTRX</th>\n",
       "    </tr>\n",
       "  </thead>\n",
       "  <tbody>\n",
       "    <tr>\n",
       "      <th>AAPL</th>\n",
       "      <td>1.000000</td>\n",
       "      <td>0.704449</td>\n",
       "      <td>0.545138</td>\n",
       "      <td>0.664957</td>\n",
       "      <td>0.793506</td>\n",
       "      <td>0.613221</td>\n",
       "      <td>0.879231</td>\n",
       "    </tr>\n",
       "    <tr>\n",
       "      <th>AMZN</th>\n",
       "      <td>0.704449</td>\n",
       "      <td>1.000000</td>\n",
       "      <td>0.487480</td>\n",
       "      <td>0.604209</td>\n",
       "      <td>0.758690</td>\n",
       "      <td>0.552712</td>\n",
       "      <td>0.801806</td>\n",
       "    </tr>\n",
       "    <tr>\n",
       "      <th>JPM</th>\n",
       "      <td>0.545138</td>\n",
       "      <td>0.487480</td>\n",
       "      <td>1.000000</td>\n",
       "      <td>0.774664</td>\n",
       "      <td>0.498901</td>\n",
       "      <td>0.377325</td>\n",
       "      <td>0.715808</td>\n",
       "    </tr>\n",
       "    <tr>\n",
       "      <th>MS</th>\n",
       "      <td>0.664957</td>\n",
       "      <td>0.604209</td>\n",
       "      <td>0.774664</td>\n",
       "      <td>1.000000</td>\n",
       "      <td>0.610244</td>\n",
       "      <td>0.512979</td>\n",
       "      <td>0.813662</td>\n",
       "    </tr>\n",
       "    <tr>\n",
       "      <th>MSFT</th>\n",
       "      <td>0.793506</td>\n",
       "      <td>0.758690</td>\n",
       "      <td>0.498901</td>\n",
       "      <td>0.610244</td>\n",
       "      <td>1.000000</td>\n",
       "      <td>0.499978</td>\n",
       "      <td>0.852584</td>\n",
       "    </tr>\n",
       "    <tr>\n",
       "      <th>TSLA</th>\n",
       "      <td>0.613221</td>\n",
       "      <td>0.552712</td>\n",
       "      <td>0.377325</td>\n",
       "      <td>0.512979</td>\n",
       "      <td>0.499978</td>\n",
       "      <td>1.000000</td>\n",
       "      <td>0.605480</td>\n",
       "    </tr>\n",
       "    <tr>\n",
       "      <th>TSTRX</th>\n",
       "      <td>0.879231</td>\n",
       "      <td>0.801806</td>\n",
       "      <td>0.715808</td>\n",
       "      <td>0.813662</td>\n",
       "      <td>0.852584</td>\n",
       "      <td>0.605480</td>\n",
       "      <td>1.000000</td>\n",
       "    </tr>\n",
       "  </tbody>\n",
       "</table>\n",
       "</div>"
      ],
      "text/plain": [
       "           AAPL      AMZN       JPM        MS      MSFT      TSLA     TSTRX\n",
       "AAPL   1.000000  0.704449  0.545138  0.664957  0.793506  0.613221  0.879231\n",
       "AMZN   0.704449  1.000000  0.487480  0.604209  0.758690  0.552712  0.801806\n",
       "JPM    0.545138  0.487480  1.000000  0.774664  0.498901  0.377325  0.715808\n",
       "MS     0.664957  0.604209  0.774664  1.000000  0.610244  0.512979  0.813662\n",
       "MSFT   0.793506  0.758690  0.498901  0.610244  1.000000  0.499978  0.852584\n",
       "TSLA   0.613221  0.552712  0.377325  0.512979  0.499978  1.000000  0.605480\n",
       "TSTRX  0.879231  0.801806  0.715808  0.813662  0.852584  0.605480  1.000000"
      ]
     },
     "execution_count": 133,
     "metadata": {},
     "output_type": "execute_result"
    }
   ],
   "source": [
    "returns.corr()"
   ]
  },
  {
   "cell_type": "code",
   "execution_count": 134,
   "id": "4721f61b-70a1-4e6d-98c5-d6507189e563",
   "metadata": {},
   "outputs": [
    {
     "data": {
      "text/plain": [
       "AAPL     0.216586\n",
       "AMZN     0.175000\n",
       "JPM     -0.044598\n",
       "MS       0.038064\n",
       "MSFT     0.138237\n",
       "TSLA     0.551794\n",
       "TSTRX    0.044731\n",
       "dtype: float64"
      ]
     },
     "execution_count": 134,
     "metadata": {},
     "output_type": "execute_result"
    }
   ],
   "source": [
    "ind_er = adjclose.resample('Y').last().pct_change().mean()\n",
    "ind_er"
   ]
  },
  {
   "cell_type": "code",
   "execution_count": 135,
   "id": "84c5034f-5092-43cc-bb31-3a6d8624c583",
   "metadata": {},
   "outputs": [
    {
     "data": {
      "text/plain": [
       "AAPL     0.346671\n",
       "AMZN     0.481860\n",
       "JPM      0.282340\n",
       "MS       0.300075\n",
       "MSFT     0.347905\n",
       "TSLA     0.672076\n",
       "TSTRX    0.232572\n",
       "dtype: float64"
      ]
     },
     "execution_count": 135,
     "metadata": {},
     "output_type": "execute_result"
    }
   ],
   "source": [
    "ann_sd = adjclose.pct_change().apply(lambda x: np.log(1+x)).std().apply(lambda x: x*np.sqrt(250))\n",
    "ann_sd"
   ]
  },
  {
   "cell_type": "code",
   "execution_count": 136,
   "id": "16898365-3dc3-4d9f-807c-bcc10c95248a",
   "metadata": {},
   "outputs": [
    {
     "data": {
      "text/html": [
       "<div>\n",
       "<style scoped>\n",
       "    .dataframe tbody tr th:only-of-type {\n",
       "        vertical-align: middle;\n",
       "    }\n",
       "\n",
       "    .dataframe tbody tr th {\n",
       "        vertical-align: top;\n",
       "    }\n",
       "\n",
       "    .dataframe thead th {\n",
       "        text-align: right;\n",
       "    }\n",
       "</style>\n",
       "<table border=\"1\" class=\"dataframe\">\n",
       "  <thead>\n",
       "    <tr style=\"text-align: right;\">\n",
       "      <th></th>\n",
       "      <th>Returns</th>\n",
       "      <th>Volatility</th>\n",
       "    </tr>\n",
       "  </thead>\n",
       "  <tbody>\n",
       "    <tr>\n",
       "      <th>AAPL</th>\n",
       "      <td>0.216586</td>\n",
       "      <td>0.346671</td>\n",
       "    </tr>\n",
       "    <tr>\n",
       "      <th>AMZN</th>\n",
       "      <td>0.175000</td>\n",
       "      <td>0.481860</td>\n",
       "    </tr>\n",
       "    <tr>\n",
       "      <th>JPM</th>\n",
       "      <td>-0.044598</td>\n",
       "      <td>0.282340</td>\n",
       "    </tr>\n",
       "    <tr>\n",
       "      <th>MS</th>\n",
       "      <td>0.038064</td>\n",
       "      <td>0.300075</td>\n",
       "    </tr>\n",
       "    <tr>\n",
       "      <th>MSFT</th>\n",
       "      <td>0.138237</td>\n",
       "      <td>0.347905</td>\n",
       "    </tr>\n",
       "    <tr>\n",
       "      <th>TSLA</th>\n",
       "      <td>0.551794</td>\n",
       "      <td>0.672076</td>\n",
       "    </tr>\n",
       "    <tr>\n",
       "      <th>TSTRX</th>\n",
       "      <td>0.044731</td>\n",
       "      <td>0.232572</td>\n",
       "    </tr>\n",
       "  </tbody>\n",
       "</table>\n",
       "</div>"
      ],
      "text/plain": [
       "        Returns  Volatility\n",
       "AAPL   0.216586    0.346671\n",
       "AMZN   0.175000    0.481860\n",
       "JPM   -0.044598    0.282340\n",
       "MS     0.038064    0.300075\n",
       "MSFT   0.138237    0.347905\n",
       "TSLA   0.551794    0.672076\n",
       "TSTRX  0.044731    0.232572"
      ]
     },
     "execution_count": 136,
     "metadata": {},
     "output_type": "execute_result"
    }
   ],
   "source": [
    "assets = pd.concat([ind_er, ann_sd], axis=1) # Creating a table for visualising returns and volatility of assets\n",
    "assets.columns = ['Returns', 'Volatility']\n",
    "assets"
   ]
  },
  {
   "cell_type": "code",
   "execution_count": 137,
   "id": "ea6770c4-ed79-4090-b307-0c292f1244dd",
   "metadata": {},
   "outputs": [
    {
     "data": {
      "text/html": [
       "<div>\n",
       "<style scoped>\n",
       "    .dataframe tbody tr th:only-of-type {\n",
       "        vertical-align: middle;\n",
       "    }\n",
       "\n",
       "    .dataframe tbody tr th {\n",
       "        vertical-align: top;\n",
       "    }\n",
       "\n",
       "    .dataframe thead th {\n",
       "        text-align: right;\n",
       "    }\n",
       "</style>\n",
       "<table border=\"1\" class=\"dataframe\">\n",
       "  <thead>\n",
       "    <tr style=\"text-align: right;\">\n",
       "      <th></th>\n",
       "      <th>AAPL</th>\n",
       "      <th>AMZN</th>\n",
       "      <th>JPM</th>\n",
       "      <th>MS</th>\n",
       "      <th>MSFT</th>\n",
       "      <th>TSLA</th>\n",
       "      <th>TSTRX</th>\n",
       "    </tr>\n",
       "  </thead>\n",
       "  <tbody>\n",
       "    <tr>\n",
       "      <th>AAPL</th>\n",
       "      <td>0.000481</td>\n",
       "      <td>0.000469</td>\n",
       "      <td>0.000213</td>\n",
       "      <td>0.000276</td>\n",
       "      <td>0.000382</td>\n",
       "      <td>0.000573</td>\n",
       "      <td>0.000284</td>\n",
       "    </tr>\n",
       "    <tr>\n",
       "      <th>AMZN</th>\n",
       "      <td>0.000469</td>\n",
       "      <td>0.000929</td>\n",
       "      <td>0.000265</td>\n",
       "      <td>0.000348</td>\n",
       "      <td>0.000508</td>\n",
       "      <td>0.000708</td>\n",
       "      <td>0.000359</td>\n",
       "    </tr>\n",
       "    <tr>\n",
       "      <th>JPM</th>\n",
       "      <td>0.000213</td>\n",
       "      <td>0.000265</td>\n",
       "      <td>0.000319</td>\n",
       "      <td>0.000263</td>\n",
       "      <td>0.000195</td>\n",
       "      <td>0.000284</td>\n",
       "      <td>0.000188</td>\n",
       "    </tr>\n",
       "    <tr>\n",
       "      <th>MS</th>\n",
       "      <td>0.000276</td>\n",
       "      <td>0.000348</td>\n",
       "      <td>0.000263</td>\n",
       "      <td>0.000360</td>\n",
       "      <td>0.000254</td>\n",
       "      <td>0.000411</td>\n",
       "      <td>0.000227</td>\n",
       "    </tr>\n",
       "    <tr>\n",
       "      <th>MSFT</th>\n",
       "      <td>0.000382</td>\n",
       "      <td>0.000508</td>\n",
       "      <td>0.000195</td>\n",
       "      <td>0.000254</td>\n",
       "      <td>0.000484</td>\n",
       "      <td>0.000464</td>\n",
       "      <td>0.000276</td>\n",
       "    </tr>\n",
       "    <tr>\n",
       "      <th>TSLA</th>\n",
       "      <td>0.000573</td>\n",
       "      <td>0.000708</td>\n",
       "      <td>0.000284</td>\n",
       "      <td>0.000411</td>\n",
       "      <td>0.000464</td>\n",
       "      <td>0.001807</td>\n",
       "      <td>0.000377</td>\n",
       "    </tr>\n",
       "    <tr>\n",
       "      <th>TSTRX</th>\n",
       "      <td>0.000284</td>\n",
       "      <td>0.000359</td>\n",
       "      <td>0.000188</td>\n",
       "      <td>0.000227</td>\n",
       "      <td>0.000276</td>\n",
       "      <td>0.000377</td>\n",
       "      <td>0.000216</td>\n",
       "    </tr>\n",
       "  </tbody>\n",
       "</table>\n",
       "</div>"
      ],
      "text/plain": [
       "           AAPL      AMZN       JPM        MS      MSFT      TSLA     TSTRX\n",
       "AAPL   0.000481  0.000469  0.000213  0.000276  0.000382  0.000573  0.000284\n",
       "AMZN   0.000469  0.000929  0.000265  0.000348  0.000508  0.000708  0.000359\n",
       "JPM    0.000213  0.000265  0.000319  0.000263  0.000195  0.000284  0.000188\n",
       "MS     0.000276  0.000348  0.000263  0.000360  0.000254  0.000411  0.000227\n",
       "MSFT   0.000382  0.000508  0.000195  0.000254  0.000484  0.000464  0.000276\n",
       "TSLA   0.000573  0.000708  0.000284  0.000411  0.000464  0.001807  0.000377\n",
       "TSTRX  0.000284  0.000359  0.000188  0.000227  0.000276  0.000377  0.000216"
      ]
     },
     "execution_count": 137,
     "metadata": {},
     "output_type": "execute_result"
    }
   ],
   "source": [
    "cov_matrix = adjclose.pct_change().apply(lambda x: np.log(1+x)).cov()\n",
    "cov_matrix"
   ]
  },
  {
   "cell_type": "code",
   "execution_count": 155,
   "id": "6238d64c-0939-4061-bad5-cb92bc4c6548",
   "metadata": {},
   "outputs": [],
   "source": [
    "p_ret = [] # Define an empty array for portfolio returns\n",
    "p_vol = [] # Define an empty array for portfolio volatility\n",
    "p_weights = [] # Define an empty array for asset weights\n",
    "num_assets = len(adjclose.columns)\n",
    "num_portfolios = 500000"
   ]
  },
  {
   "cell_type": "code",
   "execution_count": 156,
   "id": "19b6c2d0-0488-4269-8808-6dc2cb7541be",
   "metadata": {},
   "outputs": [],
   "source": [
    "for portfolio in range(num_portfolios):\n",
    "    weights = np.random.random(num_assets)\n",
    "    weights = weights/np.sum(weights)\n",
    "    p_weights.append(weights)\n",
    "    returns = np.dot(weights, ind_er) # Returns are the product of individual expected returns of asset and its \n",
    "                                      # weights \n",
    "    p_ret.append(returns)\n",
    "    var = cov_matrix.mul(weights, axis=0).mul(weights, axis=1).sum().sum()# Portfolio Variance\n",
    "    sd = np.sqrt(var) # Daily standard deviation\n",
    "    ann_sd = sd*np.sqrt(250) # Annual standard deviation = volatility\n",
    "    p_vol.append(ann_sd)"
   ]
  },
  {
   "cell_type": "code",
   "execution_count": 157,
   "id": "1a91033a-e419-4210-96c3-1489872ca8ec",
   "metadata": {},
   "outputs": [],
   "source": [
    "data = {'Returns':p_ret, 'Volatility':p_vol}\n",
    "\n",
    "for counter, symbol in enumerate(adjclose.columns.tolist()):\n",
    "    #print(counter, symbol)\n",
    "    data[symbol+' weight'] = [w[counter] for w in p_weights]"
   ]
  },
  {
   "cell_type": "code",
   "execution_count": 158,
   "id": "68e1cee0-78c9-4b79-b392-bb7b964f1b40",
   "metadata": {},
   "outputs": [
    {
     "data": {
      "text/html": [
       "<div>\n",
       "<style scoped>\n",
       "    .dataframe tbody tr th:only-of-type {\n",
       "        vertical-align: middle;\n",
       "    }\n",
       "\n",
       "    .dataframe tbody tr th {\n",
       "        vertical-align: top;\n",
       "    }\n",
       "\n",
       "    .dataframe thead th {\n",
       "        text-align: right;\n",
       "    }\n",
       "</style>\n",
       "<table border=\"1\" class=\"dataframe\">\n",
       "  <thead>\n",
       "    <tr style=\"text-align: right;\">\n",
       "      <th></th>\n",
       "      <th>Returns</th>\n",
       "      <th>Volatility</th>\n",
       "      <th>AAPL weight</th>\n",
       "      <th>AMZN weight</th>\n",
       "      <th>JPM weight</th>\n",
       "      <th>MS weight</th>\n",
       "      <th>MSFT weight</th>\n",
       "      <th>TSLA weight</th>\n",
       "      <th>TSTRX weight</th>\n",
       "    </tr>\n",
       "  </thead>\n",
       "  <tbody>\n",
       "    <tr>\n",
       "      <th>0</th>\n",
       "      <td>0.210624</td>\n",
       "      <td>0.343072</td>\n",
       "      <td>0.129749</td>\n",
       "      <td>0.126895</td>\n",
       "      <td>0.013412</td>\n",
       "      <td>0.147326</td>\n",
       "      <td>0.230454</td>\n",
       "      <td>0.212392</td>\n",
       "      <td>0.139773</td>\n",
       "    </tr>\n",
       "    <tr>\n",
       "      <th>1</th>\n",
       "      <td>0.206617</td>\n",
       "      <td>0.343974</td>\n",
       "      <td>0.154643</td>\n",
       "      <td>0.153014</td>\n",
       "      <td>0.096971</td>\n",
       "      <td>0.153414</td>\n",
       "      <td>0.197759</td>\n",
       "      <td>0.210172</td>\n",
       "      <td>0.034026</td>\n",
       "    </tr>\n",
       "    <tr>\n",
       "      <th>2</th>\n",
       "      <td>0.193585</td>\n",
       "      <td>0.336028</td>\n",
       "      <td>0.201284</td>\n",
       "      <td>0.200760</td>\n",
       "      <td>0.078086</td>\n",
       "      <td>0.098570</td>\n",
       "      <td>0.049337</td>\n",
       "      <td>0.179718</td>\n",
       "      <td>0.192245</td>\n",
       "    </tr>\n",
       "    <tr>\n",
       "      <th>3</th>\n",
       "      <td>0.103107</td>\n",
       "      <td>0.289614</td>\n",
       "      <td>0.043411</td>\n",
       "      <td>0.179424</td>\n",
       "      <td>0.171766</td>\n",
       "      <td>0.218024</td>\n",
       "      <td>0.019688</td>\n",
       "      <td>0.083813</td>\n",
       "      <td>0.283875</td>\n",
       "    </tr>\n",
       "    <tr>\n",
       "      <th>4</th>\n",
       "      <td>0.147664</td>\n",
       "      <td>0.316518</td>\n",
       "      <td>0.090119</td>\n",
       "      <td>0.240214</td>\n",
       "      <td>0.112683</td>\n",
       "      <td>0.140458</td>\n",
       "      <td>0.032385</td>\n",
       "      <td>0.126468</td>\n",
       "      <td>0.257674</td>\n",
       "    </tr>\n",
       "  </tbody>\n",
       "</table>\n",
       "</div>"
      ],
      "text/plain": [
       "    Returns  Volatility  AAPL weight  AMZN weight  JPM weight  MS weight  \\\n",
       "0  0.210624    0.343072     0.129749     0.126895    0.013412   0.147326   \n",
       "1  0.206617    0.343974     0.154643     0.153014    0.096971   0.153414   \n",
       "2  0.193585    0.336028     0.201284     0.200760    0.078086   0.098570   \n",
       "3  0.103107    0.289614     0.043411     0.179424    0.171766   0.218024   \n",
       "4  0.147664    0.316518     0.090119     0.240214    0.112683   0.140458   \n",
       "\n",
       "   MSFT weight  TSLA weight  TSTRX weight  \n",
       "0     0.230454     0.212392      0.139773  \n",
       "1     0.197759     0.210172      0.034026  \n",
       "2     0.049337     0.179718      0.192245  \n",
       "3     0.019688     0.083813      0.283875  \n",
       "4     0.032385     0.126468      0.257674  "
      ]
     },
     "execution_count": 158,
     "metadata": {},
     "output_type": "execute_result"
    }
   ],
   "source": [
    "portfolios  = pd.DataFrame(data)\n",
    "portfolios.head() # Dataframe of the 500000 portfolios created"
   ]
  },
  {
   "cell_type": "code",
   "execution_count": 159,
   "id": "14acd3ad-a2f2-42de-b339-b67bffcab728",
   "metadata": {},
   "outputs": [
    {
     "data": {
      "text/plain": [
       "<AxesSubplot:xlabel='Volatility', ylabel='Returns'>"
      ]
     },
     "execution_count": 159,
     "metadata": {},
     "output_type": "execute_result"
    },
    {
     "data": {
